1.62e-16 1.073e-15 6.5409e-15 3.6695e-14 1.8942e-13 8.9941e-13 3.9274e-12 1.5765e-11 5.8149e-11 1.9699e-10 6.1252e-10 1.7469e-09 4.5658e-09 1.0924e-08 2.3891e-08 4.7681e-08 8.6631e-08 1.4283e-07 2.1273e-07 2.8426e-07 3.3709e-07 3.479e-07 3.0018e-07 1.9404e-07 5.0111e-08 -9.6394e-08 -2.0939e-07 -2.6626e-07 -2.651e-07 -2.217e-07 -1.5962e-07 -9.9578e-08 -5.3475e-08 -2.4114e-08 -8.5053e-09 -1.7462e-09 4.2359e-10 7.2337e-10 5.0153e-10 2.6093e-10 1.1355e-10 4.3015e-11 1.4463e-11 4.3631e-12 1.1891e-12 2.9408e-13 6.6215e-14 1.3605e-14 2.5553e-15 4.3936e-16 6.923e-17
7.6296e-16 5.0527e-15 3.0793e-14 1.7267e-13 8.9074e-13 4.2262e-12 1.8437e-11 7.3923e-11 2.723e-10 9.2101e-10 2.8585e-09 8.1343e-09 2.1203e-08 5.0561e-08 1.1013e-07 2.1867e-07 3.9468e-07 6.4506e-07 9.4927e-07 1.2467e-06 1.4396e-06 1.4199e-06 1.1167e-06 5.4255e-07 -1.9093e-07 -9.0565e-07 -1.4259e-06 -1.6479e-06 -1.5733e-06 -1.2906e-06 -9.2391e-07 -5.7965e-07 -3.1732e-07 -1.4921e-07 -5.7909e-08 -1.645e-08 -1.4918e-09 2.0478e-09 1.875e-09 1.0685e-09 4.8626e-10 1.8911e-10 6.4681e-11 1.9747e-11 5.4287e-12 1.3515e-12 3.0587e-13 6.3103e-14 1.1892e-14 2.0503e-15 3.2381e-16
3.3084e-15 2.1911e-14 1.335e-13 7.4827e-13 3.8574e-12 1.8286e-11 7.9684e-11 3.1908e-10 1.1735e-09 3.9618e-09 1.2269e-08 3.4818e-08 9.0461e-08 2.1485e-07 4.6565e-07 9.1867e-07 1.6443e-06 2.6574e-06 3.8493e-06 4.9378e-06 5.4877e-06 5.0389e-06 3.3201e-06 4.473e-07 -3.0216e-06 -6.2505e-06 -8.4468e-06 -9.1755e-06 -8.4965e-06 -6.8672e-06 -4.8939e-06 -3.0839e-06 -1.7133e-06 -8.3048e-07 -3.4291e-07 -1.1358e-07 -2.4346e-08 1.926e-09 5.6452e-09 3.8174e-09 1.8627e-09 7.5207e-10 2.6325e-10 8.1632e-11 2.2693e-11 5.6965e-12 1.2975e-12 2.6903e-13 5.0905e-14 8.8059e-15 1.3946e-15
1.32e-14 8.745e-14 5.3278e-13 2.985e-12 1.5378e-11 7.2827e-11 3.1697e-10 1.2673e-09 4.6526e-09 1.5673e-08 4.8406e-08 1.3694e-07 3.5438e-07 8.3759e-07 1.8042e-06 3.5312e-06 6.254e-06 9.9607e-06 1.4126e-05 1.7531e-05 1.8387e-05 1.4896e-05 6.1384e-06 -7.1316e-06 -2.2339e-05 -3.5845e-05 -4.434e-05 -4.6154e-05 -4.1778e-05 -3.3381e-05 -2.3704e-05 -1.4988e-05 -8.4218e-06 -4.1755e-06 -1.7989e-06 -6.5107e-07 -1.8069e-07 -2.4727e-08 1.0978e-08 1.1456e-08 6.3e-09 2.6897e-09 9.7213e-10 3.0773e-10 8.6775e-11 2.2011e-11 5.0529e-12 1.0542e-12 2.0045e-13 3.4814e-14 5.5317e-15
4.8409e-14 3.2097e-13 1.9559e-12 1.0956e-11 5.6404e-11 2.6687e-10 1.16e-09 4.6302e-09 1.6963e-08 5.6998e-08 1.755e-07 4.946e-07 1.274e-06 2.9935e-06 6.3996e-06 1.2402e-05 2.1673e-05 3.3865e-05 4.6658e-05 5.5181e-05 5.2631e-05 3.2558e-05 -7.7083e-06 -6.417e-05 -0.00012587 -0.00017816 -0.00020824 -0.00021025 -0.00018707 -0.00014813 -0.00010489 -6.6502e-05 -3.7696e-05 -1.9009e-05 -8.441e-06 -3.2326e-06 -1.0183e-06 -2.2811e-07 -8.4572e-09 2.6181e-08 1.8391e-08 8.5807e-09 3.2461e-09 1.0563e-09 3.0337e-10 7.7959e-11 1.807e-11 3.798e-12 7.2644e-13 1.2677e-13 2.0221e-14
1.6294e-13 1.0821e-12 6.599e-12 3.6967e-11 1.9024e-10 8.9928e-10 3.9036e-09 1.5554e-08 5.6854e-08 1.9049e-07 5.8447e-07 1.64e-06 4.2012e-06 9.8025e-06 2.0765e-05 3.9752e-05 6.8285e-05 0.00010404 0.00013764 0.00015109 0.0001205 2.4634e-05 -0.00014283 -0.00036363 -0.00059493 -0.00078214 -0.00087956 -0.00086842 -0.00076257 -0.00059961 -0.0004236 -0.00026912 -0.00015359 -7.8451e-05 -3.561e-05 -1.4169e-05 -4.8055e-06 -1.2973e-06 -2.149e-07 2.8052e-08 4.4214e-08 2.4131e-08 9.7656e-09 3.2985e-09 9.6992e-10 2.533e-10 5.9403e-11 1.2596e-11 2.4258e-12 4.2565e-13 6.8202e-14
5.0222e-13 3.3452e-12 2.0435e-11 1.1456e-10 5.8955e-10 2.785e-09 1.2074e-08 4.8023e-08 1.7511e-07 5.8491e-07 1.7876e-06 4.991e-06 1.2704e-05 2.9399e-05 6.1597e-05 0.00011615 0.0001952 0.00028745 0.00035849 0.00034688 0.00017509 -0.00022097 -0.00085163 -0.0016434 -0.0024429 -0.0030624 -0.0033509 -0.0032537 -0.0028283 -0.0022116 -0.0015595 -0.00099228 -0.00056923 -0.0002936 -0.00013544 -5.5343e-05 -1.9673e-05 -5.8519e-06 -1.3083e-06 -1.19e-07 7.6772e-08 5.8741e-08 2.6389e-08 9.3781e-09 2.8413e-09 7.5671e-10 1.7993e-10 3.8544e-11 7.4816e-12 1.3209e-12 2.1272e-13
1.4124e-12 9.4578e-12 5.7967e-11 3.2556e-10 1.6766e-09 7.9191e-09 3.4302e-08 1.362e-07 4.9547e-07 1.6496e-06 5.0204e-06 1.394e-05 3.5231e-05 8.0757e-05 0.00016702 0.00030916 0.00050524 0.00071029 0.00080904 0.0006086 -0.00012336 -0.0015645 -0.0037154 -0.0063136 -0.0088555 -0.010748 -0.01153 -0.011055 -0.0095348 -0.0074231 -0.0052262 -0.0033291 -0.0019172 -0.00099602 -0.0004649 -0.00019357 -7.0982e-05 -2.2357e-05 -5.7046e-06 -9.6612e-07 3.7851e-08 1.2009e-07 6.4062e-08 2.4384e-08 7.6651e-09 2.0888e-09 5.0447e-10 1.0929e-10 2.1396e-11 3.803e-12 6.1572e-13
3.6022e-12 2.4346e-11 1.5012e-10 8.4632e-10 4.3677e-09 2.0647e-08 8.9412e-08 3.5462e-07 1.2873e-06 4.2727e-06 1.2948e-05 3.5746e-05 8.9643e-05 0.00020331 0.00041423 0.00074993 0.0011829 0.0015592 0.0015284 0.00053383 -0.0020667 -0.0067265 -0.013367 -0.021149 -0.028566 -0.033894 -0.035837 -0.034039 -0.02918 -0.022639 -0.015918 -0.010147 -0.0058595 -0.0030599 -0.0014402 -0.00060749 -0.0002274 -7.4192e-05 -2.0308e-05 -4.203e-06 -3.7198e-07 1.9546e-07 1.411e-07 5.8675e-08 1.9242e-08 5.375e-09 1.3195e-09 2.8917e-10 5.7098e-11 1.0216e-11 1.6629e-12
8.2409e-12 5.6627e-11 3.5298e-10 2.0042e-09 1.039e-08 4.9242e-08 2.1348e-07 8.4654e-07 3.0689e-06 1.016e-05 3.0669e-05 8.4197e-05 0.00020948 0.00046979 0.00094149 0.0016613 0.0025075 0.00302 0.0022325 -0.0013272 -0.0092948 -0.022739 -0.041271 -0.062499 -0.08231 -0.096116 -0.10056 -0.094844 -0.080933 -0.062621 -0.043979 -0.028041 -0.016221 -0.0084992 -0.004022 -0.0017106 -0.0006486 -0.00021608 -6.1457e-05 -1.3911e-05 -1.9153e-06 2.3041e-07 2.9188e-07 1.3393e-07 4.577e-08 1.308e-08 3.2577e-09 7.2117e-10 1.4346e-10 2.5817e-11 4.2218e-12
1.6552e-11 1.1731e-10 7.4596e-10 4.2917e-09 2.2445e-08 1.0698e-07 4.6542e-07 1.8487e-06 6.7032e-06 2.2164e-05 6.6713e-05 0.00018229 0.00045028 0.00099888 0.0019684 0.003378 0.0048403 0.0051426 0.0018761 -0.0085166 -0.029871 -0.064523 -0.1112 -0.16379 -0.21209 -0.24495 -0.25439 -0.23871 -0.20301 -0.15674 -0.10996 -0.070096 -0.040575 -0.021293 -0.010103 -0.0043144 -0.001646 -0.00055372 -0.00016017 -3.7579e-05 -5.8642e-06 2.0379e-07 6.1319e-07 3.0171e-07 1.0586e-07 3.0681e-08 7.7095e-09 1.7174e-09 3.4324e-10 6.2001e-11 1.017e-11
2.7786e-11 2.1006e-10 1.389e-09 8.1947e-09 4.3581e-08 2.1011e-07 9.2112e-07 3.6773e-06 1.3373e-05 4.4266e-05 0.00013315 0.00036288 0.00089177 0.0019609 0.0038071 0.006362 0.0086281 0.0077827 -0.0015862 -0.027306 -0.077644 -0.15738 -0.26322 -0.38115 -0.48835 -0.56008 -0.57886 -0.54137 -0.45932 -0.35405 -0.24809 -0.15802 -0.09142 -0.047957 -0.022746 -0.0097093 -0.0037017 -0.0012438 -0.00035889 -8.3707e-05 -1.2788e-05 6.2922e-07 1.4433e-06 7.0003e-07 2.4455e-07 7.0751e-08 1.7768e-08 3.958e-09 7.9135e-10 1.4303e-10 2.3478e-11
3.3373e-11 3.0116e-10 2.1781e-09 1.3544e-08 7.449e-08 3.6733e-07 1.6359e-06 6.6039e-06 2.4205e-05 8.0556e-05 0.00024311 0.00066337 0.0016285 0.0035659 0.0068599 0.011247 0.014579 0.011067 -0.010198 -0.064841 -0.16922 -0.33257 -0.54782 -0.78645 -1.0023 -1.1456 -1.1812 -1.1027 -0.93429 -0.71922 -0.50328 -0.32004 -0.18476 -0.096636 -0.045644 -0.019365 -0.0073143 -0.0024203 -0.0006792 -0.00014878 -1.7725e-05 4.199e-06 3.8756e-06 1.7007e-06 5.7204e-07 1.6234e-07 4.031e-08 8.9158e-09 1.7743e-09 3.1968e-10 5.2368e-11
3.9578e-12 2.5107e-10 2.5072e-09 1.7954e-08 1.0676e-07 5.5276e-07 2.5437e-06 1.051e-05 3.919e-05 0.00013214 0.00040285 0.0011079 0.0027357 0.0060136 0.011583 0.018929 0.024176 0.016932 -0.022407 -0.12202 -0.31155 -0.60795 -0.99881 -1.4326 -1.8257 -2.0869 -2.1521 -2.0091 -1.7013 -1.3083 -0.9138 -0.57937 -0.33297 -0.17301 -0.080922 -0.03383 -0.012485 -0.0039716 -0.0010316 -0.0001834 1.6144e-06 1.959e-05 1.0895e-05 4.2229e-06 1.3437e-06 3.6974e-07 9.0073e-08 1.9671e-08 3.8805e-09 6.9485e-10 1.1332e-10
-1.34e-10 -3.1048e-10 6.4297e-10 1.3888e-08 1.1004e-07 6.5348e-07 3.2589e-06 1.4196e-05 5.4963e-05 0.00019068 0.0005947 0.0016672 0.0041875 0.0093548 0.018323 0.030554 0.040314 0.031504 -0.026998 -0.18081 -0.47909 -0.95161 -1.5811 -2.2861 -2.9308 -3.3652 -3.4812 -3.2559 -2.7586 -2.1192 -1.4759 -0.93089 -0.53054 -0.27216 -0.12483 -0.050612 -0.017746 -0.0051261 -0.0010512 -3.1727e-05 0.00010559 6.8053e-05 2.9318e-05 1.0262e-05 3.0934e-06 8.2368e-07 1.9636e-07 4.2246e-08 8.2451e-09 1.4649e-09 2.3752e-10
-5.3208e-10 -2.1667e-09 -7.1973e-09 -1.5714e-08 1.2607e-08 3.8929e-07 2.7676e-06 1.4281e-05 6.1197e-05 0.00022753 0.00074734 0.0021849 0.0056931 0.013172 0.026786 0.046835 0.066856 0.065933 0.0010875 -0.1935 -0.59213 -1.2448 -2.1354 -3.1529 -4.1019 -4.7596 -4.9596 -4.6592 -3.9541 -3.0334 -2.1024 -1.3137 -0.73715 -0.36891 -0.16263 -0.06164 -0.018994 -0.003951 0.00010226 0.00064281 0.00041822 0.0001916 7.2221e-05 2.3556e-05 6.8026e-06 1.7609e-06 4.1162e-07 8.7317e-08 1.6865e-08 2.9732e-09 4.7925e-10
-1.4554e-09 -6.7075e-09 -2.7839e-08 -1.0222e-07 -3.2025e-07 -7.7886e-07 -9.3322e-07 3.88e-06 3.6122e-05 0.00017967 0.00069517 0.0022696 0.0064343 0.015997 0.034863 0.065899 0.10507 0.13115 0.094003 -0.089961 -0.52297 -1.2848 -2.375 -3.6678 -4.9164 -5.8232 -6.1525 -5.828 -4.9612 -3.7966 -2.6074 -1.6004 -0.87085 -0.41375 -0.16625 -0.052054 -0.0088922 0.0029185 0.0038592 0.0024025 0.0011436 0.0004585 0.00016064 5.0071e-05 1.4028e-05 3.5548e-06 8.1828e-07 1.7161e-07 3.2864e-08 5.7558e-09 9.2317e-10
-3.2972e-09 -1.6013e-08 -7.1608e-08 -2.937e-07 -1.0978e-06 -3.7019e-06 -1.1062e-05 -2.8291e-05 -5.6806e-05 -6.1665e-05 0.00014188 0.0011876 0.0047716 0.014564 0.036872 0.079463 0.14594 0.22351 0.26611 0.18231 -0.15538 -0.86668 -1.9908 -3.4191 -4.8822 -6.0224 -6.531 -6.2796 -5.3719 -4.0876 -2.755 -1.6284 -0.8264 -0.34276 -0.099343 -0.0025271 0.022133 0.019889 0.012099 0.0059887 0.0025514 0.00095927 0.00032253 9.7758e-05 2.6849e-05 6.7057e-06 1.527e-06 3.1764e-07 6.0449e-08 1.0537e-08 1.6838e-09
-6.5367e-09 -3.2638e-08 -1.5131e-07 -6.5034e-07 -2.5855e-06 -9.4729e-06 -3.1817e-05 -9.7214e-05 -0.00026709 -0.00064751 -0.0013363 -0.0021511 -0.0018551 0.0034084 0.02227 0.069304 0.16162 0.30637 0.47815 0.59494 0.51338 0.066311 -0.85382 -2.1994 -3.7232 -5.0365 -5.7611 -5.6972 -4.9093 -3.6811 -2.3733 -1.2744 -0.52075 -0.10338 0.069231 0.10414 0.082899 0.051145 0.026655 0.012141 0.0049162 0.0017875 0.00058724 0.00017506 4.7496e-05 1.1755e-05 2.6584e-06 5.5009e-07 1.0427e-07 1.8118e-08 2.8886e-09
-1.1609e-08 -5.8925e-08 -2.788e-07 -1.2287e-06 -5.0362e-06 -1.9151e-05 -6.7342e-05 -0.00021798 -0.00064577 -0.0017377 -0.0042018 -0.0089814 -0.016481 -0.024331 -0.023184 0.0082972 0.10473 0.30382 0.61854 0.99732 1.2964 1.3 0.80891 -0.23249 -1.6453 -3.0422 -3.9835 -4.183 -3.6388 -2.6112 -1.473 -0.53484 0.056596 0.31597 0.34907 0.2746 0.17744 0.098848 0.048564 0.021308 0.0084144 0.0030061 0.00097518 0.00028801 7.7604e-05 1.9107e-05 4.304e-06 8.8797e-07 1.6793e-07 2.9132e-08 4.6388e-09
-1.8686e-08 -9.5848e-08 -4.5926e-07 -2.0546e-06 -8.5711e-06 -3.3272e-05 -0.00011984 -0.00039902 -0.001223 -0.0034321 -0.0087619 -0.020177 -0.04141 -0.074272 -0.11217 -0.13005 -0.075985 0.12395 0.53453 1.1538 1.8559 2.3849 2.4407 1.8403 0.66451 -0.72391 -1.832 -2.282 -1.9948 -1.1985 -0.27292 0.45281 0.82585 0.87281 0.71945 0.49964 0.302 0.16162 0.077374 0.033359 0.013012 0.0046082 0.0014853 0.00043662 0.00011723 2.8789e-05 6.4726e-06 1.3335e-06 2.5193e-07 4.3673e-08 6.9508e-09
-2.7443e-08 -1.4173e-07 -6.847e-07 -3.0927e-06 -1.3045e-05 -5.1278e-05 -0.00018736 -0.00063416 -0.0019809 -0.0056857 -0.01492 -0.035584 -0.076542 -0.14693 -0.24753 -0.35516 -0.40534 -0.28911 0.11534 0.86809 1.8782 2.8657 3.4397 3.291 2.3972 1.0899 -0.09146 -0.68478 -0.54414 0.12153 0.91299 1.4755 1.6511 1.4856 1.1345 0.75511 0.44476 0.23407 0.11081 0.047401 0.018389 0.0064866 0.0020849 0.00061161 0.00016398 4.0227e-05 9.0379e-06 1.8611e-06 3.5152e-07 6.0929e-08 9.697e-09
-3.6915e-08 -1.9153e-07 -9.303e-07 -4.2285e-06 -1.7964e-05 -7.1189e-05 -0.00026248 -0.00089757 -0.0028366 -0.0082528 -0.022009 -0.053543 -0.11814 -0.23471 -0.41553 -0.64524 -0.85409 -0.90479 -0.62191 0.11991 1.2764 2.563 3.522 3.7403 3.1076 1.9284 0.78112 0.19406 0.35618 1.0537 1.8494 2.3535 2.4019 2.0655 1.5379 1.008 0.58794 0.30744 0.1449 0.061801 0.023925 0.0084275 0.0027061 0.00079334 0.00021262 5.2148e-05 1.1715e-05 2.4125e-06 4.557e-07 7.8999e-08 1.2575e-08
-4.5595e-08 -2.3729e-07 -1.1568e-06 -5.2798e-06 -2.2536e-05 -8.9782e-05 -0.00033298 -0.0011462 -0.0036493 -0.010708 -0.028843 -0.071023 -0.1591 -0.32236 -0.58633 -0.94725 -1.3367 -1.5986 -1.5138 -0.89766 0.25589 1.6752 2.8646 3.3394 2.9242 1.9013 0.87388 0.41153 0.72154 1.5686 2.4706 3.0011 2.9916 2.5386 1.8751 1.2229 0.71094 0.37096 0.17459 0.074397 0.028785 0.010136 0.0032542 0.00095397 0.00025568 6.2716e-05 1.4092e-05 2.9024e-06 5.4834e-07 9.5081e-08 1.5139e-08
-5.1796e-08 -2.7012e-07 -1.3199e-06 -6.0412e-06 -2.5867e-05 -0.00010341 -0.00038499 -0.0013308 -0.0042574 -0.01256 -0.034045 -0.084463 -0.19096 -0.3915 -0.72332 -1.1945 -1.7423 -2.2016 -2.3246 -1.8817 -0.82127 0.6099 1.9068 2.547 2.3122 1.461 0.59847 0.30655 0.79319 1.8025 2.8206 3.399 3.3689 2.848 2.0984 1.3663 0.79348 0.41375 0.19466 0.082928 0.032083 0.011297 0.0036272 0.0010635 0.00028507 6.9935e-05 1.5716e-05 3.2376e-06 6.118e-07 1.0611e-07 1.6897e-08
-5.4181e-08 -2.8294e-07 -1.3848e-06 -6.3496e-06 -2.7243e-05 -0.00010915 -0.00040739 -0.0014121 -0.0045313 -0.013414 -0.036506 -0.090995 -0.20691 -0.42724 -0.79677 -1.3327 -1.9799 -2.5748 -2.8594 -2.5802 -1.6523 -0.29085 1.0173 1.7471 1.6586 0.98101 0.2922 0.15527 0.7672 1.8663 2.9369 3.5333 3.4946 2.9494 2.1706 1.4122 0.81971 0.4273 0.20099 0.085621 0.033125 0.011665 0.0037454 0.0010982 0.00029442 7.224e-05 1.6236e-05 3.3453e-06 6.3223e-07 1.0966e-07 1.7466e-08
-5.2231e-08 -2.7301e-07 -1.3376e-06 -6.1405e-06 -2.6381e-05 -0.00010586 -0.00039573 -0.0013742 -0.0044182 -0.013108 -0.035765 -0.089413 -0.20404 -0.42321 -0.79381 -1.338 -2.0095 -2.6563 -3.0304 -2.8791 -2.1008 -0.87505 0.35522 1.0973 1.1129 0.59604 0.068742 0.044559 0.70024 1.7874 2.8229 3.3922 3.3501 2.8242 2.0768 1.3504 0.78361 0.40839 0.19208 0.081819 0.031654 0.011147 0.0035794 0.0010496 0.00028141 6.9054e-05 1.5522e-05 3.1983e-06 6.0451e-07 1.0487e-07 1.6704e-08
-4.6428e-08 -2.4282e-07 -1.1905e-06 -5.4695e-06 -2.3518e-05 -9.4462e-05 -0.0003535 -0.0012289 -0.0039562 -0.011754 -0.03212 -0.08045 -0.18399 -0.38266 -0.7202 -1.2194 -1.8428 -2.458 -2.8445 -2.7719 -2.138 -1.0866 0.0028306 0.69815 0.7807 0.40534 0.014389 0.047797 0.65683 1.6254 2.5348 3.0267 2.9785 2.5056 1.8401 1.1955 0.6933 0.3612 0.16984 0.072335 0.027982 0.0098535 0.003164 0.00092782 0.00024876 6.1044e-05 1.3722e-05 2.8276e-06 5.3447e-07 9.272e-08 1.477e-08
-3.8062e-08 -1.9913e-07 -9.767e-07 -4.4892e-06 -1.9312e-05 -7.7607e-05 -0.00029058 -0.0010107 -0.0032556 -0.0096784 -0.026465 -0.06633 -0.15181 -0.31596 -0.59516 -1.0085 -1.5253 -2.0357 -2.3551 -2.2886 -1.745 -0.8361 0.12725 0.78252 0.93398 0.68887 0.39424 0.40556 0.85369 1.5768 2.2486 2.5885 2.5024 2.0847 1.5221 0.98531 0.57005 0.2965 0.13926 0.059263 0.022912 0.0080645 0.0025887 0.00075893 0.00020344 4.9916e-05 1.1219e-05 2.3117e-06 4.3693e-07 7.5797e-08 1.2074e-08
-2.8777e-08 -1.5056e-07 -7.385e-07 -3.3943e-06 -1.4601e-05 -5.8668e-05 -0.00021962 -0.00076367 -0.0024586 -0.0073041 -0.019953 -0.049941 -0.11407 -0.23675 -0.44407 -0.74763 -1.1189 -1.4668 -1.6412 -1.4837 -0.91908 -0.035765 0.91237 1.6179 1.8921 1.7807 1.5286 1.4118 1.5582 1.8854 2.1843 2.2681 2.0756 1.6758 1.2006 0.76776 0.4406 0.22789 0.10661 0.045235 0.01745 0.0061321 0.0019659 0.00057577 0.00015422 3.7816e-05 8.4952e-06 1.7497e-06 3.306e-07 5.7334e-08 9.1306e-09
-2.0057e-08 -1.0489e-07 -5.1418e-07 -2.3615e-06 -1.0149e-05 -4.0729e-05 -0.00015223 -0.00052832 -0.0016967 -0.0050246 -0.013669 -0.034022 -0.077126 -0.15837 -0.29245 -0.48076 -0.6921 -0.8463 -0.81854 -0.48015 0.2289 1.233 2.3139 3.1912 3.659 3.6886 3.4262 3.0843 2.8097 2.619 2.4338 2.1681 1.7959 1.3596 0.93379 0.58045 0.32664 0.16662 0.077164 0.032499 0.012467 0.0043619 0.0013937 0.00040709 0.00010881 2.6634e-05 5.9749e-06 1.2292e-06 2.3202e-07 4.0206e-08 6.3986e-09
-1.2874e-08 -6.7244e-08 -3.2911e-07 -1.5085e-06 -6.4662e-06 -2.5867e-05 -9.6299e-05 -0.00033254 -0.0010613 -0.0031174 -0.0083912 -0.02059 -0.045759 -0.091307 -0.16141 -0.24696 -0.31122 -0.27855 -0.039936 0.51285 1.4275 2.6336 3.9295 5.0407 5.7284 5.8902 5.5874 4.9877 4.2684 3.5458 2.8647 2.2317 1.653 1.1479 0.7392 0.43821 0.23812 0.11835 0.053749 0.022304 0.0084584 0.0029331 0.00093058 0.00027029 7.1916e-05 1.7538e-05 3.9224e-06 8.0489e-07 1.5161e-07 2.6225e-08 4.1673e-09
-7.5996e-09 -3.9592e-08 -1.9313e-07 -8.8143e-07 -3.7582e-06 -1.4933e-05 -5.5129e-05 -0.00018836 -0.00059297 -0.0017109 -0.0044956 -0.010665 -0.022556 -0.041626 -0.064152 -0.073034 -0.027028 0.14665 0.54588 1.264 2.3394 3.7042 5.1679 6.4578 7.3103 7.5679 7.23 6.4327 5.3772 4.2544 3.2006 2.2912 1.5561 0.99702 0.59878 0.33499 0.1737 0.083159 0.03666 0.014857 0.0055288 0.0018884 0.00059183 0.0001702 4.4916e-05 1.088e-05 2.4198e-06 4.9422e-07 9.2727e-08 1.5986e-08 2.533e-09
-4.1168e-09 -2.1345e-08 -1.0347e-07 -4.685e-07 -1.9773e-06 -7.7561e-06 -2.8162e-05 -9.417e-05 -0.00028808 -0.00079905 -0.0019833 -0.0043085 -0.0078276 -0.010466 -0.0041258 0.031953 0.13927 0.38482 0.85435 1.6272 2.7339 4.1119 5.5878 6.9058 7.8031 8.1 7.7604 6.8944 5.7055 4.4168 3.2091 2.1929 1.4101 0.85235 0.48321 0.25613 0.12653 0.05807 0.024692 0.0097056 0.0035207 0.0011771 0.00036238 0.00010267 2.6758e-05 6.4138e-06 1.4138e-06 2.8659e-07 5.3426e-08 9.1602e-09 1.4446e-09
-2.0402e-09 -1.0491e-08 -5.0305e-08 -2.2454e-07 -9.302e-07 -3.5604e-06 -1.2511e-05 -3.9988e-05 -0.00011463 -0.00028755 -0.00059947 -0.00088943 -0.00015623 0.0050555 0.023906 0.076417 0.19937 0.44927 0.8963 1.6041 2.5958 3.8189 5.1278 6.3043 7.1169 7.3967 7.0957 6.2993 5.1884 3.9743 2.8374 1.8913 1.1783 0.68642 0.37378 0.19008 0.090139 0.039794 0.016326 0.0062129 0.0021898 0.00071385 0.00021498 5.9752e-05 1.5317e-05 3.6194e-06 7.8803e-07 1.5804e-07 2.919e-08 4.9646e-09 7.7748e-10
-9.2088e-10 -4.6702e-09 -2.1979e-08 -9.5649e-08 -3.8273e-07 -1.3955e-06 -4.5678e-06 -1.3064e-05 -3.0744e-05 -4.8878e-05 1.5489e-05 0.00052787 0.0027065 0.0099208 0.030143 0.079668 0.18718 0.39555 0.7571 1.3186 2.0967 3.0512 4.0723 4.9933 5.6341 5.8591 5.6243 4.9912 4.1009 3.1242 2.2099 1.4532 0.88913 0.50655 0.2688 0.13285 0.061131 0.026172 0.010417 0.0038502 0.0013202 0.00041953 0.00012342 3.3588e-05 8.448e-06 1.9626e-06 4.2089e-07 8.3284e-08 1.5201e-08 2.5582e-09 3.9689e-10
-3.7613e-10 -1.8641e-09 -8.4914e-09 -3.5261e-08 -1.3154e-07 -4.2875e-07 -1.1453e-06 -2.0083e-06 1.4548e-06 3.4033e-05 0.00019722 0.00083571 0.0029584 0.0091486 0.025223 0.062678 0.14129 0.29015 0.5444 0.9352 1.4734 2.1317 2.8357 3.4719 3.9164 4.0741 3.9122 3.4711 2.8481 2.1633 1.5223 0.99334 0.60144 0.3381 0.17654 0.085644 0.038605 0.016166 0.0062875 0.0022702 0.00076056 0.00023627 6.8018e-05 1.8133e-05 4.4741e-06 1.0211e-06 2.1541e-07 4.1991e-08 7.5599e-09 1.2566e-09 1.9279e-10
-1.3761e-10 -6.5564e-10 -2.8123e-09 -1.0594e-08 -3.3107e-08 -7.1296e-08 1.7415e-08 1.2813e-06 9.0216e-06 4.5165e-05 0.0001878 0.00068142 0.0022048 0.0064346 0.01705 0.041188 0.090969 0.18405 0.34162 0.58239 0.91277 1.3162 1.7476 2.1379 2.4112 2.5088 2.4095 2.1376 1.7526 1.3288 0.93231 0.60558 0.36436 0.20316 0.10502 0.050343 0.022383 0.0092317 0.0035317 0.0012532 0.00041233 0.00012577 3.555e-05 9.3087e-06 2.257e-06 5.0651e-07 1.0516e-07 2.0193e-08 3.5846e-09 5.8804e-10 8.9118e-11
-4.4316e-11 -1.9642e-10 -7.4115e-10 -2.1218e-09 -2.265e-09 2.4884e-08 2.4964e-07 1.5399e-06 7.6521e-06 3.2836e-05 0.00012514 0.00042949 0.0013377 0.0037985 0.0098639 0.023472 0.051255 0.10282 0.18966 0.32188 0.5029 0.72374 0.95983 1.1736 1.3235 1.3772 1.3229 1.1735 0.96167 0.72839 0.51009 0.33041 0.19803 0.10986 0.056426 0.02684 0.011826 0.0048276 0.0018259 0.00063984 0.00020775 6.249e-05 1.7412e-05 4.4931e-06 1.0736e-06 2.3745e-07 4.8604e-08 9.2043e-09 1.6122e-09 2.6111e-10 3.9093e-11
-1.2136e-11 -4.6022e-11 -1.1616e-10 9.938e-11 3.8099e-09 3.2056e-08 1.9712e-07 1.0164e-06 4.5999e-06 1.8643e-05 6.8386e-05 0.00022844 0.00069744 0.001951 0.0050085 0.011813 0.025622 0.051136 0.093957 0.15901 0.24796 0.3564 0.47232 0.57731 0.65101 0.67747 0.6508 0.57727 0.47294 0.35798 0.2504 0.16191 0.0968 0.053524 0.027378 0.012957 0.0056749 0.0023005 0.00086324 0.00029987 9.6439e-05 2.8713e-05 7.9143e-06 2.0194e-06 4.7692e-07 1.0424e-07 2.1085e-08 3.9457e-09 6.8304e-10 1.0935e-10 1.6189e-11
-2.5896e-12 -5.8013e-12 2.0117e-11 3.7314e-10 3.1042e-09 1.9895e-08 1.0865e-07 5.2447e-07 2.2767e-06 8.9687e-06 3.2235e-05 0.00010605 0.00032006 0.0008873 0.0022619 0.0053057 0.011459 0.022794 0.041778 0.070577 0.10992 0.15786 0.20911 0.25553 0.28814 0.29987 0.28808 0.25552 0.2093 0.15835 0.11068 0.071486 0.04267 0.023543 0.012009 0.0056644 0.0024708 0.00099687 0.00037204 0.00012845 4.103e-05 1.2126e-05 3.3157e-06 8.3888e-07 1.9636e-07 4.2525e-08 8.5197e-09 1.5789e-09 2.7065e-10 4.2907e-11 6.2901e-12
-2.904e-13 1.5797e-12 2.7176e-11 2.3717e-10 1.6198e-09 9.4765e-09 4.914e-08 2.2952e-07 9.7413e-07 3.7757e-06 1.3407e-05 4.3701e-05 0.00013093 0.00036091 0.00091588 0.0021407 0.0046103 0.0091511 0.016745 0.028254 0.043967 0.063109 0.08357 0.10211 0.11514 0.11983 0.11512 0.10211 0.083627 0.063253 0.044189 0.028517 0.017003 0.0093679 0.0047696 0.0022445 0.00097635 0.00039262 0.00014597 5.0182e-05 1.5952e-05 4.6893e-06 1.2748e-06 3.2051e-07 7.4524e-08 1.6025e-08 3.1869e-09 5.8611e-10 9.9678e-11 1.5675e-11 2.2793e-12
7.9835e-14 1.5395e-12 1.4583e-11 1.0766e-10 6.8012e-10 3.807e-09 1.9197e-08 8.7979e-08 3.6836e-07 1.4134e-06 4.9803e-06 1.6136e-05 4.8116e-05 0.00013213 0.00033429 0.00077946 0.0016755 0.0033208 0.0060699 0.010233 0.015915 0.022835 0.030232 0.036936 0.041648 0.043345 0.041643 0.036935 0.030248 0.022874 0.015974 0.010304 0.0061388 0.0033787 0.001718 0.00080719 0.00035044 0.0001406 5.2134e-05 1.7867e-05 5.6602e-06 1.6575e-06 4.4868e-07 1.1229e-07 2.5978e-08 5.5565e-09 1.0988e-09 2.0088e-10 3.3951e-11 5.3049e-12 7.6628e-13
6.8796e-14 7.2828e-13 5.881e-12 4.0371e-11 2.4491e-10 1.3367e-09 6.6276e-09 3.0014e-08 1.2457e-07 4.7483e-07 1.6645e-06 5.3712e-06 1.5964e-05 4.3725e-05 0.00011039 0.00025698 0.00055166 0.0010923 0.0019949 0.0033613 0.0052254 0.0074957 0.0099223 0.012122 0.013668 0.014225 0.013666 0.012121 0.009926 0.0075051 0.00524 0.0033786 0.0020119 0.0011065 0.00056215 0.00026382 0.00011438 4.5814e-05 1.6955e-05 5.7981e-06 1.8322e-06 5.3501e-07 1.4438e-07 3.6008e-08 8.2998e-09 1.7681e-09 3.4815e-10 6.3358e-11 1.0657e-11 1.6568e-12 2.3807e-13
2.962e-14 2.6489e-13 1.9882e-12 1.3119e-11 7.7692e-11 4.174e-10 2.047e-09 9.1971e-09 3.7946e-08 1.4399e-07 5.0295e-07 1.6184e-06 4.7993e-06 1.3121e-05 3.3078e-05 7.6908e-05 0.00016494 0.00032634 0.0005957 0.0010033 0.0015593 0.0022363 0.00296 0.0036159 0.004077 0.0042433 0.0040767 0.0036158 0.0029608 0.0022385 0.0015626 0.0010072 0.00059957 0.00032959 0.00016733 7.8465e-05 3.3984e-05 1.3596e-05 5.0249e-06 1.7156e-06 5.4112e-07 1.5769e-07 4.2455e-08 1.0561e-08 2.4276e-09 5.1561e-10 1.0119e-10 1.8352e-11 3.0754e-12 4.7626e-13 6.8154e-14
9.8446e-15 8.1364e-14 5.8623e-13 3.7758e-12 2.2017e-11 1.1705e-10 5.6975e-10 2.5459e-09 1.0461e-08 3.9566e-08 1.3786e-07 4.427e-07 1.3107e-06 3.5786e-06 9.0121e-06 2.0936e-05 4.487e-05 8.8728e-05 0.0001619 0.00027259 0.00042356 0.00060739 0.00080387 0.00098197 0.0011072 0.0011523 0.0011071 0.00098196 0.00080405 0.00060784 0.00042426 0.00027342 0.00016271 8.9411e-05 4.5372e-05 2.1263e-05 9.2026e-06 3.6785e-06 1.3581e-06 4.6313e-07 1.4588e-07 4.2445e-08 1.1408e-08 2.8326e-09 6.4974e-10 1.3768e-10 2.6955e-11 4.8754e-12 8.147e-13 1.2578e-13 1.7942e-14
2.7673e-15 2.1872e-14 1.5362e-13 9.7384e-13 5.6189e-12 2.9655e-11 1.4359e-10 6.3915e-10 2.6184e-09 9.8806e-09 3.4364e-08 1.1019e-07 3.2584e-07 8.8879e-07 2.2365e-06 5.1923e-06 1.1123e-05 2.1986e-05 4.0104e-05 6.751e-05 0.00010488 0.00015039 0.00019902 0.00024311 0.00027411 0.00028529 0.0002741 0.00024311 0.00019906 0.00015047 0.00010502 6.7671e-05 4.0262e-05 2.2118e-05 1.122e-05 5.2557e-06 2.2735e-06 9.0817e-07 3.3504e-07 1.1415e-07 3.5919e-08 1.0439e-08 2.8022e-09 6.9477e-10 1.5911e-10 3.3658e-11 6.5769e-12 1.1871e-12 1.9794e-13 3.0488e-14 4.3381e-15
6.8134e-16 5.2356e-15 3.6153e-14 2.2668e-13 1.2982e-12 6.8157e-12 3.2877e-11 1.4592e-10 5.9649e-10 2.2471e-09 7.8044e-09 2.4998e-08 7.3856e-08 2.0131e-07 5.0626e-07 1.1748e-06 2.5156e-06 4.9711e-06 9.0657e-06 1.5258e-05 2.3702e-05 3.3983e-05 4.4972e-05 5.4933e-05 6.1938e-05 6.4464e-05 6.1936e-05 5.4933e-05 4.4978e-05 3.3999e-05 2.3727e-05 1.5287e-05 9.094e-06 4.9948e-06 2.5331e-06 1.1862e-06 5.1288e-07 2.0478e-07 7.5502e-08 2.5707e-08 8.0829e-09 2.3471e-09 6.2941e-10 1.5588e-10 3.5656e-11 7.5326e-12 1.4697e-12 2.6487e-13 4.4089e-14 6.7784e-15 9.626e-16
1.4946e-16 1.1269e-15 7.6897e-15 4.7837e-14 2.7249e-13 1.4251e-12 6.8549e-12 3.036e-11 1.239e-10 4.6616e-10 1.6174e-09 5.1762e-09 1.5283e-08 4.1633e-08 1.0466e-07 2.4277e-07 5.197e-07 1.0267e-06 1.8721e-06 3.1506e-06 4.8937e-06 7.0159e-06 9.2842e-06 1.134e-05 1.2786e-05 1.3308e-05 1.2786e-05 1.134e-05 9.2852e-06 7.0185e-06 4.8977e-06 3.1553e-06 1.8768e-06 1.0307e-06 5.2258e-07 2.4465e-07 1.0575e-07 4.2207e-08 1.5555e-08 5.2934e-09 1.6634e-09 4.8269e-10 1.2934e-10 3.2007e-11 7.3142e-12 1.5436e-12 3.0084e-13 5.415e-14 9.0015e-15 1.382e-15 1.9595e-16
2.9493e-17 2.1944e-16 1.4845e-15 9.1817e-15 5.2091e-14 2.7165e-13 1.3039e-12 5.7656e-12 2.35e-11 8.8328e-11 3.0622e-10 9.794e-10 2.8902e-09 7.8703e-09 1.9777e-08 4.5864e-08 9.8161e-08 1.939e-07 3.535e-07 5.9484e-07 9.2388e-07 1.3245e-06 1.7526e-06 2.1408e-06 2.4137e-06 2.5122e-06 2.4137e-06 2.1408e-06 1.7528e-06 1.3249e-06 9.2449e-07 5.9557e-07 3.5421e-07 1.945e-07 9.86e-08 4.6151e-08 1.9944e-08 7.9578e-09 2.9318e-09 9.9729e-10 3.1325e-10 9.0851e-11 2.433e-11 6.0168e-12 1.374e-12 2.8973e-13 5.6418e-14 1.0145e-14 1.6847e-15 2.5835e-16 3.6588e-17
5.2672e-18 3.881e-17 2.6088e-16 1.6065e-15 9.0866e-15 4.7281e-14 2.2657e-13 1.0006e-12 4.0747e-12 1.5303e-11 5.3022e-11 1.695e-10 5e-10 1.3611e-09 3.4193e-09 7.9279e-09 1.6965e-08 3.3506e-08 6.108e-08 1.0277e-07 1.5961e-07 2.2881e-07 3.0278e-07 3.6983e-07 4.1698e-07 4.34e-07 4.1698e-07 3.6983e-07 3.028e-07 2.2887e-07 1.597e-07 1.0288e-07 6.118e-08 3.3591e-08 1.7027e-08 7.9683e-09 3.4429e-09 1.3734e-09 5.0585e-10 1.7202e-10 5.4012e-11 1.5659e-11 4.1916e-12 1.036e-12 2.3645e-13 4.9828e-14 9.6961e-15 1.7422e-15 2.8908e-16 4.4291e-17 6.2665e-18
